000011
111111
000011
001010
001100
000000
001010
001011
000100
111111
111111
111111
111111
111111
111111
000110
111111
111111
111111
111111
111111
111111
111111
001011
111111
111111
111111
111111
111111
111111
001001
111111
111111
111111
111111
111111
111111
111111
111111
111111
111111
111111
111111
111111
111111
111111
111111
111111
111111
111111
111111
111111
111111
111111
111111
111111
111111
111111
111111
111111
111111
111111
000000
000000
000000
000000
000000