110100110000011000000000100011100111110100000100100110110101011010110100101011111111101100100001111111000110101001110111001001000111110011001111110110111101011010100101001010011010001100010000100001100100100101000000011100111011
100010111111010110000000011011001101011001101101011111000111001101010011001100010010000011011001101100011111011110001111111011100111000101000010001011111110110011111010011000101000011111111110111000010110111100011111110101110000
111000100010001010110000010111001111010001000010011001001101000000001100011001100100101010101011111101000110111011101101001111111011011101101111100110000111010001101110100101111000010010011101100001110011100111111011010001010110
110100110000011000000000100011100111110100000100100010001011010111001111101000111110011110101011000010101111001001001110001100011001000111111111110101010111110010011101101110111101111101111101101101100100101101110000010100101100
100010111111010110000000011011011001011001101101000001011111100100100010001110110011000101001011000011011100011001111101101001110111100111001101111110100101111111001000101100101101101001100111111100010010100111101010001011010100
101000100010001010110000010111100000100001000010100100110011101011001111001101111011011100001011111010110001011000001100011010111010110010011101111110101111010111001011100001010100100101111001010110001100001110001110010011001110
110100110000011000000000100011100111010100000100111111010010100011010100000010100110010000111011010100111110011110100011000000011110001111101101101000011011110111010010101001000110101100111111111011111011101011110101001100011000
100110111111010110000000011011011000010001101110010000100011001010011001001001011010101111001011000011111110000001111000011111001101110110000011011101111111010000010011011111111101000101101001001110000101111111001000110011000011
111000000010001010110000010111000100111000011000011010111010111100110001010000001100110011100011011011101111101110111001000000100110011011101101100110111110000011110100011000000000011100110101100000101001000001110011011000110000
110100110000011000000000100011100111010100000100110100101010011100000000001011111111101100100001111111001000111000100000100100001011110100110110001101101110011011010111000000100111100101110000011000100001111011110100101100000111
100010111111010110000000011011011000110001101110000011110101110001101000010011101000000010110011010111111000001011010010110010011100010111100001010100100001111011010011100111010111001110011101111001101101100001111110110000011011
111000100010001010110000010111011111111100011000011101000010000101101010101001000111110110111111110011110001001111001100100011001010111111110011001111110000100100001101110111110001010111011000101101000101101110100111111111010100
