00001001110010011101010000010001
00001011010000010110011101100101
00000111001011111000111011111110
00000000000011100000101011111010
00011010111100111011011100011011
00100111001011000001000111011011
01010010101011100011001001110001
00100100111110100010011001001011
00000110111011111111011000101001
00001100011111011001000011110101
00000000001100011000101110101110
01011000001000100000001110101101
00111001011001011101001101011101
01010110011100011011000111001010
00000010001001111100011010010110
00000001111010001100000110001000
00111011100011110001000001000110
00000110100110011001111011010010
00000000111000101000000101000101
00000011110011101111011000110011
00000011010100001010010000001000
00000010010010100001001001010101
00000001010110001111000011000110
00000011011100001011100111001101
00010100001010010010100010100011
01001111101001001011011010111001
00011011100011010001110011010001
00000100110110011010000110111011
00000100001010001110111000111011
00001010001110000011100011010001
00000001001000101010101111010000
00010011111000111011010001000011
00000010110111111011000011101010
01110100010101110101000101101110
00000110110011100011100111101010
00000000101101110010100101011011
01111000101001001001000101111010
00101001110011011001001010101000
00000101111100101000100100001011
00111001101110011110110011110000
00100001000111000010101101011101
11011001101110111111110010111110
00011011111000110100110100001100
00110010111111010000001101010101
00010101000010000110011111101000
00111010100001110101101000111000
00100000101011111110101111100001
00000110001110010010011010100101
00001010100101101100010101011000
00001000101000100100000001101010
01000111011001000011011010000010
00011001011101010100010110110111
00001010000100101101010001110100
10010100111111111110101001001100
10011001111011001000000101011011
00010001111001010111010100101010
11010000110000111010101001001001
00100001100101000010111111000001
00000110011011000101100100111111
00000010101001110001001001110111
11111011001000001110001000010111
00011100001000111010110111001110
00011000110001100111101010111000
00000001110000011000110010011010
00011001000100100111110010011110
00110010010100011000010011000100
01011100110010010100000111100000
00001001001010000010100010000011
00110011101101010010011100000110
00000000000010010001101100100001
00000011101001010001101010101011
00011011001011101000010001110111
00001110010010101100100101110101
11011110011111000001101000000111
00000010011000000101101100000010
00001010101111100100101010000101
00101001011111010110110010110000
11100111000001100110000101110010
00000110111111010110010001010100
00001110011111111100100011000110
00001001001101000001001001001111
00000000000111001110100011100110
00001001110011001011101101001000
00000100110100001010011000001101
00001010100111001100100110001110
00000010011110011011011100010111
00100110101111110000100101001101
00010000011101111101101100010011
00000010101100010001001111100111
00000001011111100011100011010011
00111000111000100100010010110000
01011011110110000000011111011100
01110101000001111110001100111111
00100011001110010000101001011011
00000000010011110110101010110100
10001011110100010001110000000000
00010011010111001001011111100001
00000001010100111100011001000111
10001001110010010110000001101011
00001100011001000111110000000010
00000000101101010001110101001101
00001011000011001111101011100001
00000001111111001001110010000010
00000100000101111100001010101000
00000111000010111011111000001001
11110000010101100100111001010000
00011000011000011001011111011010
00110101110010001000001000100001
00000110101011101101111000111101
00011010111011110110010010111110
00001011001100100100011011011000
00011001000001101000001110110110
00001110111111101101001011100101
00000011110101001000000110010000
01001110111100110011011101111001
00010011011011000001010011110000
00011010110000101010001110011111
00000011100110011111110001001100
01110011101010101111000001010001
00000110110100010101011000111001
00000010100111100000100100011101
10001010001110101101100111001100
00111010010100001000000111111110
00000111000011101110010011110011
00001011011001000111100000010001
00000101100101010011010001100110
00100110000011001011111111111000
01011101011010000010101110001111
00011001010101111110111000011011
00001001100010000101110111110100
00000011000000111100101000111100
00001001000000110101100100011101
00001100011001001011110000101110
00010111111100000101101001100111
00011010010010111101011101100111
00011001011111011001111101100000
01001001011000111111001100011110
00001000001011110001111100100100
00100011100011100010111010100001
00011001001011101000011100010111
00000001010111000000000111010000
01101000010101110000100101101010
00001101000100101000000011101110
00000000011000011011101010100100
00000001000000000101110100000110
01010000001101110101100011011001
01001000101101001101101100000111
00001110100011000110111101111000
00000001101110101100101010011011
00001010001100011100010011010111
00011000111000100011110111011011
01000010100111010101010010010111
00001001110111010110110100000110
01110101100100010101001000100100
00100010001111111001000110011100
00000010011110001011000000001100
00000011100110100100100111010000
00000001101000110001100101000000
00000110010100100010110111101010
00000000010001001101110001001111
10001111101001010101110001011101
00101001001010011110011011001000
00011111010100101100011100011110
00110101101011011011101001000101
00000011110110000000110101101101
00010100001111101000001110110001
00000010101010010001011111110111
11001000111101110001000011100011
00011001010000101100001000000001
01101010100000000110010000001111
00101110000101101011000110100000
00000110100111001000100010100100
00011000010111111100101110010010
00101011111001011011101010010111
00001010001100100111110101100001
01001011001101110000011110000001
00000000010110000011011001000011
00000000001110000100010100001001
00111101110101110011111100000110
00001010011100101000001010000011
01100111010010100001100110001111
11101000001000101010111000010101
00101010010000100100101000000101
10011000001010111110111000010011
00001011001111010001001001000011
00001111110010110111011010100101
11111000001010000000101001010000
00001010110100001101110110111011
00001011000110110000011101001001
00011101001011101110110101001100
00001110011010101001010101110000
00000001110110100001010000110100
00110010000011000001110110011100
00000110010010111101010011010111
00001111100011111001110100000100
00011000100011000100111100100111
00001000111110011100101110101001
00000000001011011011110100111101
00000100000010111111100101110110
00000011111110111001110111001000
00001000111011101011110100110010
00000000100100101101010110000001
00010100110101111000101000000000
00001100111001101001100110011101
00011010000100000000011010010011
00000001101101111101011010100001
00000000110010111110111101000001
00101011100010100001000110001111
00000111010000001000101100000100
00000010111000110010110011110011
00011001101110100100001100110110
00000010000000100100001010011010
00111001100000110101000001100010
00001001010101011001100101000110
00000111011010011111100110100100
00000001100111010010100101010110
00000101011110100001011101001100
11000111000110101000001111000000
00011011101101001011110011110011
00111100101100101100001001001010
00111101101001011010101110011000
00001001010010110000111111100011
00001110001111000010010100101101
00111111110111100111011111110100
00000011110010110010100110100101
01110001011011010001100111001010
00001101100000111010011111010110
00000001110101101000011011000111
00001111000000111100011011100110
00011011100011011000010010110010
00110000000111001110110110101110
00000101100011101100001100000101
00000100111110001011010010110111
01010011011010011111100011010100
00101100111011100110111000100011
00001010010101010011100110111110
00000011010101101100101100100100
00110000011101000110100011001100
00010100000100000110001100001010
00000001000100000001011100011001
00001011010100001111101001010000
00110010101011111110101101111110
00010000000110010010010001101110
00000010101100100010010000010111
00110000010011110101100111011101
