000010000000011100011010
001100010001110011110110
001010110000100111011110
100001010101011110001001
001100101010011111010010
000100110010100100101101
000110110111101111000001
000000110111101111101100
001100001011011010010001
000111100001110111101101
001000111101010111000100
000100100010101101100111
000010101000010000100011
010100010001100001100010
001011010001000000111111
001101011010011010100000
000001101011000101000101
001110000110100001001000
001111110000001000101110
000001111111101010110101
001000001111011101011001
000101000001000101000100
011000101000110010110010
000101100010011010100100
001010101100011010110011
000101011001010100001000
001100010101000001101001
001111100010011101001110
000000111100010011111111
000110000010100001000010
001010010000011010000111
000101010001110111001001
001100010100111110100110
000101100010110100110111
000100111101100101001000
001000010011000011010101
001111000010111110101001
000001111000000001101010
001100000111110110110011
000101100000101000100101
000000101000100110101101
001010100010111101001001
001011010100010001001110
001101011011011100111110
000000110101011110010001
001110000110100111011100
001100110000010010001110
001000110011101111100001
001011000110101110010011
000001011000010001001111
010111000101111100000010
000110111000111111101001
001100110111011100011000
000010110111111001011001
001100010110110000100101
001101100010110101111011
000000110110011001010110
000110000110000101101110
001010110000111101101110
001010101011000101001011
001101010101010110001011
000101101011001010010110
000010011111001010000100
001000010011101101101101
001101000010000000111010
000010110100001101011100
001100010110111111011010
000101100011101100111100
000110011100011111110010
001010110011010010001101
001011010110001110100001
000110111100011111110111
000000110111011010011000
001100000110111111011110
000110110000000001010101
001000110110001110100001
001101000110100110101001
000000111000101101001000
011100000111010101110001
000111100001100111110110
001110010110101011100001
000001110100011100111111
001100001111110000000100
001110110001100111011110
000001110110010110111101
000100001110110101101101
000100000000111011000101
001010100001001001110110
001101010100100100011011
001010110101101100111011
000011011110100110010100
001000011010100000010100
001110100001101010011111
000011110100111001010010
001100001111110001111000
001010110000011011001101
000101010100011001100010
001100101010101110001011
000110110010100100111110
000110100111111111011110
000000110101100101111101
001100000011111100000011
000111100000010110100001
001000111101110101111110
000110100011000100000001
000010111000010000111111
010100010011100001101110
001011010001001000110110
001101011010011011100111
000001101011101011100110
001110000111011110100110
001111110000111110110100
000001111111010000111011
001010000110010000011001
000101010000110010010110
001010101010100110011010
000100101010000000010000
001010100101111010000101
000101011000111011101111
001100010101011001111110
001111100010011110001001
000011111100100111011110
000110001110110011110111
001010110001101111001111
000101010101011111000000
001100010101001110011011
000101100010001001001010
000000111101101111111011
001000000011101010000011
001111000000110001101011
000001111000001010001001
001100000111111110000100
000101100000001011000000
000000101000011011011111
001010100011000100111110
001011010100010010011101
001101011011000110101100
000000110101110001001010
001110000110101000110101
001100110000001000000110
001000110010100000100111
001011000110111101110010
000001011000101010110000
010101000101110111110100
000110101000000111000010
001010110101111000111111
000010100111100010110110
001100010100011011000010
001001100010011001011100
000100100110001001110100
000110100100110100001011
001001110100101000011000
001010100110100110001101
001101010100100000010111
000101101011110000010000
000000011110000111010000
001000000011001010111011
001101000000011110011101
000010110100111011111111
001100010110101110110110
000101100011101011110101
000110011100100110001111
001010110011011000000011
001001010110111011010010
000110110101101110101100
000000110110111010110100
001100000110010000101010
000110110000011101011001
001000110110001101010110
001101000110111111011011
000000111010101010010100
011101000111011111000010
000111101001111001111101
001110010110010000011100
000001110110100010001100
001100001111111000100010
001110110000101000100010
000001110110100110100110
000000001110110011100001
000100100000100000100100
