00001001110010011101010000010001
00001011010000010110011101100101
00000111001011111000111011111110
00000000000011100000101011111010
00011010111100111011011100011011
00011100001010011011111010001100
10111000111100000111001100100011
00011100110110101111110001010100
00000000001010110110111011000100
00000001101110100001100100011100
00000000110101011110100001000100
01111111010010000111001100010100
00001100110111111001110111101111
00011010101101111000100100101000
00011110001001010011000000100000
10100110100110100011000010101001
01010100001001111000000010011000
00010010011110110111100000001101
00000010101111111101101100100001
10000010110011111101111010010111
00010011010100001010001010111001
01111100001110001101110010010111
01101000000011000000110110100110
00000010001011111000001011100011
00011001001000110111001101101100
00000010001101010101110010011110
00100011010111010011101011101000
00000000011111000110101001000000
00000111101000001110100011010101
00110000010110000000100011010011
00000001110011110110000101111011
00000111011101101011101100101111
00000010100101110011100000000100
00011010010010110101110011001001
00000001111111101001101001111011
00001101100101101111000001101110
00001001000100100111111101101000
00001011010001001001110110101101
00000000111101001000101010011101
00001101110000010101110000101111
00000001001010111010010011011101
00001100010101100001110110110110
01111011011111100010111100111010
00000110101001101110101110010111
00000011000000000000011010010100
00111110011100110101011001111100
00001010010111100011101110111010
00000010011000100101000110110111
00000010001011110000111000001001
00000000100101101101011111001100
11001101101010101111100111011010
00011000000001011010111011111101
00000001011110011010100101000101
00000010000110011101001011110000
00000010100111001100110100100011
01011001001011011000101011110000
00001100000011101101001010010011
00000010111011110111000011110100
00000010010100011010011001000101
01110110010000101010111110010100
00001101000010111010010111011010
00001001001100000011110110111001
10101000110100011100001011100100
00001101011110101101011011110001
00000011101011111000101101000010
00000010100010100010010111001110
01001100110010010000111101010100
10111010111111111100011010010000
00011100111011010000001110101110
00000010100011100010101000011111
00000101101010110001111000110010
00001011111001111001000001111001
00000110111000100000000100010011
00000110010111101011111100101100
00000010000001110110000001111011
00000011101111010011110101100100
00011000011111111001110111110101
00000010100001111010100010100101
00110001000011011001101000110100
11111000011100010101001100010111
01000110000111101111010100100111
00011001011111100010001001011011
00001000111000001001111010010110
00110011010111110001010101010101
00100110110000001010100110000000
00000110011111101011101011011001
00000001101000000010110100000101
00000111001100101110111111101111
00101001011010000001101010100011
00001100000110111100001111001000
00000000010100111100110100011000
01110001011010111101111111000001
00001100101111010111010000100010
01111000011110100101111010110101
00000001101110100110100110001010
00000010100101000111000101101001
00110011000010001011101001001010
00000101100100000101010010101000
00000001000100011111001000001000
10111100110100100100101011101010
00001110101110111111010001001001
00000000111001001100111011110100
01110010001001001111111001110111
00001110110101101001010110100100
00000011100101011100000010110000
00000011100010100000110111011000
00000000001000111011111110011000
01001001000000100111011101001000
00001100101000110000011010001010
00000001010010110111001110101001
00111101111100110011101010000011
00000111011111011100101110111001
00001101111000110000101011000100
00000000111110101100100111110010
01000000110011100111011000001010
11100011110101011010111001111111
00011110010001000010010011000100
00011010000101000010000101000000
10111111010110100001101011010010
00001011000011011100110101000001
00000010111010000101110011011101
00000010111011101100001010100101
00000111000111110110101010011111
00000000011011011100111011100000
00011000011101111101111001010111
00000010010100000001101011111010
00101011010010001100010001000100
11111100001000000010000000011000
10010100110001110000100001101100
00011101000000000010000101100101
00111100111001111011011100000110
00110111011001101010100111101011
00000111011101111101000001100101
00110010011101111101000000000010
10101111011110101111101110010111
00010110010111110111101111101001
00000000000001100111111111001010
00000000011111111111111101101111
00000001011000110110011101110010
00011011010001000011110110000101
00001110101001110101111110010000
01011001010010010111110101001010
00110010001110000011110010111011
00100000010100100111111011010100
00000111100000000110100011100000
00110001010001001111000011001101
00001100101101111001101100011110
00100000011001110011000001011111
00001100100100001110100110110111
00000000100111101010001101101101
00111100011010010000001000011110
00010111101010100101010011111111
00100011001110011101111101111111
00001001010100111110101111000111
00101110101000011100111110001100
01001110011101010110000011100011
00001010111100000100111101110000
00000001011110011101011111111011
00100110011110011101111001010011
00000010110111100110110101100000
00000011100001111110101110010001
00101000110011100001111110011000
00000111101100100101100100110010
00000000001101111101101111001100
00000000010110101010110001101101
00000000110011010100001010001010
00000101111100111101010111111011
10100001100111111111000100110011
00010101001110111010000010001000
00000011100110001010011110001011
00000010100001110100000110000111
00001010110010000110001101111111
00000011001011010100101110101001
00000001000011110100111001100101
00001100010111111001100010110100
00000011010100111000110001011100
00011000100010000111110110000001
00000010101001100111101000100011
10011100100110101100011010010100
00000101000101011010010010011101
00000011111110001010000100001001
01111011101000010110001010000010
00111110100100001000100001011000
01100001010101000000010111110100
00000110101011100100110011101000
00100011111111000010011111000001
00000101101101011101001011000011
00000001010011110100101100110000
00000011101001011101100111000011
00110101001000001000010011110001
10000011010001001111011110101101
00010111001101000001101000001010
00000010000110011001010000011100
00001111111101111100100100011111
00001101111100000100010000111100
00000001100001011011110100011101
00000010011011101000000010011101
00000011100100000011000111110101
00000011101100000101001001010110
00000101101011100100110101110011
00011010001111100011110100010110
00001100101011011001111111000011
00011010100110110010010001101110
00111011011001000101011100111110
00000001111010001011101011010000
00000010001110101111101101000101
00000110101100010101000100110000
00000110110100111001111100000011
00011010110100111001101011100111
11010000110011000111101010000010
00101011110100101101111111001000
00000110000110100000100011111010
00000011010100111001011010101011
00000011110000100010010101011011
00000110100110110100000100111011
00000011001001011110010010100011
00111001001111011011111011000101
00100100110011111011101010010011
00011101111101111000010100101101
00000011111101001000011100111110
00111011001101000010110010111100
00010100111110000100110100101001
00000010101011111110111011100001
00101011011110001010110000001100
00000000011011011011111111011101
00111111111001110001101000011101
00100011111000110110010101110001
00101101101111011111100110110100
00011010111111000001100101000001
00000001001110100111011100100010
00000001101100110101100101101011
00011011010100100110100110000100
00000101001011001100100010110101
00000011101010011001000110111111
00010001110100011110011001000111
