000010000000011100011010
001100010001110011110110
001010110000100111011110
100001010101011110001001
001100101010011111010010
000100110010100100101101
000110110111101111000001
000000110111101111101100
001110000011101110100001
000111110000011010111011
001000111111110000001111
000100100010001111011110
000010101010000011111101
010000000101111011100011
001011000000111010100001
001101011000000001001111
000001101010101110101000
001110000110001111110100
001111110000111000010110
000001111101000111001101
001010000111100101111110
000101000000100001100100
011000101011011101101011
000101100010101101111001
001010101100100110000010
000001011010110000010001
001100000101111011011000
001111100000101101011011
000001111111101011011111
000110000110001011110001
001010010000100000100101
000101010000100011000110
001100000100001111010001
000101100000111111101111
000100111101101110001001
001000010011001110101001
001111000010110010010001
000101111011100010111100
001100010111110101101001
