110100110000011000000000100011100111110100000100100110110101011010110100101011111111101100100001111111000110101001110111001001000111110011001111110110111101011010100101001010011010001100010000100001100100100101000000011100111011
100010111111010110000000011011001101011001101101011111000111001101010011001100010010000011011001101100011111011110001111111011100111000101000010001011111110110011111010011000101000011111111110111000010110111100011111110101110000
111000100010001010110000010111001111010001000010011001001101000000001100011001100100101010101011111101000110111011101101001111111011011101101111100110000111010001101110100101111000010010011101100001110011100111111011010001010110
110100110000011000000000100011100110010100000100110110010111110101100000110010111010110010010101001111011010001011011000010011011111111101011111111111000100110011101111100100000000010100011101010100100001110011100100110100011011
100010111111010101111111111011001000100001101110000111110111011100001001101111000110111111100100111001010100100010100001011010001111001001100010001010010110100111110101000100111110100010000111110100000110011001111100011101000011
101000100010001010101111101011011101111110011000110001010111000110011000100100110111111101000001001000010000101000011001010000101011010110100011001011100101111001000011011100110010000001111110011010000000111111111100000001110100
110100110000011010010000100011100111010100000100101000110001111110001010100110010110001100011000111011100100000110101101010001001001100010101001111011101110010010111110110011011111010010100100010001111111000111000000101100100110
100110111111010110100100011011001101010001101110011101011111111011111100111100111010011000010000101100011010001011100111100011101001001011001001001010100011111101001101011110000100110111001010011101110001110010100110001000010001
111000000010001010110100110111001110000000011000011011101111110011011101000110101011000101011000100111011011111110011100000000100011110100000000101001010101000101000001010011111011110000000101100101010101101101010011110101110011
110100110000011000000000100011100110110100000100110000000110100010001101111110111101011010111111111001111100001000111100000110100100101110011110000001101111110010111001111011000111011100110110100010000111110000010000010100010000
100010111111010110000000011011011000101001101110000000001001010000110010101110001011101100101110011111111010000100111010100100110001100010101111101101000100111110111101011110111001100001011110000000110001111101100011111010101100
111000100010001010110000000111000111101111011000010100011011010111001011110110111101111000101110001101011010000010110110000111011001100000100011111111000100100010111011100011100010001100111011101111000010111011010100010101010001
