010100110110011010011111000001110101
111000110101111101110011100000111000
111110101111001010011001100110110101
000110010100001001010110101111011101
011010100010110101101100001011000110
001111001111100101111100111011100011
010110000000100100100101101000011001
111001011001100100110101011011110001
000000001000000011100011100100011000
110110111011110110111101111100101110
110010100111011011110001000011011000
101100001010001110010000110101011010
101010101001110010101100100011000001
110100110100000000001111111111010110
000010100011110001101111010110011111
010101001001000100001110010100100101
111100110001101010000000100000100011
001100101100101111110100001011011100
101000111111111111100001000110000111
001011100010100001111100111101001101
111110000001001101110101011100011010
000101111001011110110101011011111010
100001011111000010000110101011010100
111100000100011101001101001011001111
111000111010111100001000101010111100
000111100010000000110110100110010111
001010101000000001010110110001000000
110101000011011110001011101111010000
100010111100100011110010110111110011
001101100100110100011101111111110100
111010111111011100000011101110110010
010100101110100001111011001001011111
011101100100010110100110101101011001
000101010011101011101010000110010111
000100010011010001111011101110001011
000000000000000000000000000000000000
111100101000101111011111100111010011
110010101011101000010000101000011100
010111000011000101010101001000111011
000010110100001011001111000110011001
001110010001010111110110101100101001
001100000001101000111011010100100111
011100010110100110110101010000001110
000101011010110010100001110001101110
101110101110110100111010010000100110
011111000010011011101000111101010111
100110001010001111011011101100001000
100011110101000101011111000010101010
001111101010100000100011010101001001
000001010011011000001001001110110110
011000101110110011001101111101000001
001101011010011001000101000000000011
